"use strict";Object.defineProperty(exports, "__esModule", {value: true});// Generated file, do not edit! Run "yarn generate" to re-generate this file.
var _keywords = require('./keywords');
var _types = require('./types');

// prettier-ignore
 const READ_WORD_TREE = new Int32Array([
  // ""
  -1, 27, 783, 918, 1755, 2376, 2862, 3483, -1, 3699, -1, 4617, 4752, 4833, 5130, 5508, 5940, -1, 6480, 6939, 7749, 8181, 8451, 8613, -1, 8829, -1,
  // "a"
  -1, -1, 54, 243, -1, -1, -1, -1, -1, -1, -1, -1, -1, -1, -1, -1, -1, -1, -1, 432, -1, -1, -1, 675, -1, -1, -1,
  // "ab"
  -1, -1, -1, -1, -1, -1, -1, -1, -1, -1, -1, -1, -1, -1, -1, -1, -1, -1, -1, 81, -1, -1, -1, -1, -1, -1, -1,
  // "abs"
  -1, -1, -1, -1, -1, -1, -1, -1, -1, -1, -1, -1, -1, -1, -1, -1, -1, -1, -1, -1, 108, -1, -1, -1, -1, -1, -1,
  // "abst"
  -1, -1, -1, -1, -1, -1, -1, -1, -1, -1, -1, -1, -1, -1, -1, -1, -1, -1, 135, -1, -1, -1, -1, -1, -1, -1, -1,
  // "abstr"
  -1, 162, -1, -1, -1, -1, -1, -1, -1, -1, -1, -1, -1, -1, -1, -1, -1, -1, -1, -1, -1, -1, -1, -1, -1, -1, -1,
  // "abstra"
  -1, -1, -1, 189, -1, -1, -1, -1, -1, -1, -1, -1, -1, -1, -1, -1, -1, -1, -1, -1, -1, -1, -1, -1, -1, -1, -1,
  // "abstrac"
  -1, -1, -1, -1, -1, -1, -1, -1, -1, -1, -1, -1, -1, -1, -1, -1, -1, -1, -1, -1, 216, -1, -1, -1, -1, -1, -1,
  // "abstract"
  _keywords.ContextualKeyword._abstract << 1, -1, -1, -1, -1, -1, -1, -1, -1, -1, -1, -1, -1, -1, -1, -1, -1, -1, -1, -1, -1, -1, -1, -1, -1, -1, -1,
  // "ac"
  -1, -1, -1, 270, -1, -1, -1, -1, -1, -1, -1, -1, -1, -1, -1, -1, -1, -1, -1, -1, -1, -1, -1, -1, -1, -1, -1,
  // "acc"
  -1, -1, -1, -1, -1, 297, -1, -1, -1, -1, -1, -1, -1, -1, -1, -1, -1, -1, -1, -1, -1, -1, -1, -1, -1, -1, -1,
  // "acce"
  -1, -1, -1, -1, -1, -1, -1, -1, -1, -1, -1, -1, -1, -1, -1, -1, -1, -1, -1, 324, -1, -1, -1, -1, -1, -1, -1,
  // "acces"
  -1, -1, -1, -1, -1, -1, -1, -1, -1, -1, -1, -1, -1, -1, -1, -1, -1, -1, -1, 351, -1, -1, -1, -1, -1, -1, -1,
  // "access"
  -1, -1, -1, -1, -1, -1, -1, -1, -1, -1, -1, -1, -1, -1, -1, 378, -1, -1, -1, -1, -1, -1, -1, -1, -1, -1, -1,
  // "accesso"
  -1, -1, -1, -1, -1, -1, -1, -1, -1, -1, -1, -1, -1, -1, -1, -1, -1, -1, 405, -1, -1, -1, -1, -1, -1, -1, -1,
  // "accessor"
  _keywords.ContextualKeyword._accessor << 1, -1, -1, -1, -1, -1, -1, -1, -1, -1, -1, -1, -1, -1, -1, -1, -1, -1, -1, -1, -1, -1, -1, -1, -1, -1, -1,
  // "as"
  _keywords.ContextualKeyword._as << 1, -1, -1, -1, -1, -1, -1, -1, -1, -1, -1, -1, -1, -1, -1, -1, -1, -1, -1, 459, -1, -1, -1, -1, -1, 594, -1,
  // "ass"
  -1, -1, -1, -1, -1, 486, -1, -1, -1, -1, -1, -1, -1, -1, -1, -1, -1, -1, -1, -1, -1, -1, -1, -1, -1, -1, -1,
  // "asse"
  -1, -1, -1, -1, -1, -1, -1, -1, -1, -1, -1, -1, -1, -1, -1, -1, -1, -1, 513, -1, -1, -1, -1, -1, -1, -1, -1,
  // "asser"
  -1, -1, -1, -1, -1, -1, -1, -1, -1, -1, -1, -1, -1, -1, -1, -1, -1, -1, -1, -1, 540, -1, -1, -1, -1, -1, -1,
  // "assert"
  _keywords.ContextualKeyword._assert << 1, -1, -1, -1, -1, -1, -1, -1, -1, -1, -1, -1, -1, -1, -1, -1, -1, -1, -1, 567, -1, -1, -1, -1, -1, -1, -1,
  // "asserts"
  _keywords.ContextualKeyword._asserts << 1, -1, -1, -1, -1, -1, -1, -1, -1, -1, -1, -1, -1, -1, -1, -1, -1, -1, -1, -1, -1, -1, -1, -1, -1, -1, -1,
  // "asy"
  -1, -1, -1, -1, -1, -1, -1, -1, -1, -1, -1, -1, -1, -1, 621, -1, -1, -1, -1, -1, -1, -1, -1, -1, -1, -1, -1,
  // "asyn"
  -1, -1, -1, 648, -1, -1, -1, -1, -1, -1, -1, -1, -1, -1, -1, -1, -1, -1, -1, -1, -1, -1, -1, -1, -1, -1, -1,
  // "async"
  _keywords.ContextualKeyword._async << 1, -1, -1, -1, -1, -1, -1, -1, -1, -1, -1, -1, -1, -1, -1, -1, -1, -1, -1, -1, -1, -1, -1, -1, -1, -1, -1,
  // "aw"
  -1, 702, -1, -1, -1, -1, -1, -1, -1, -1, -1, -1, -1, -1, -1, -1, -1, -1, -1, -1, -1, -1, -1, -1, -1, -1, -1,
  // "awa"
  -1, -1, -1, -1, -1, -1, -1, -1, -1, 729, -1, -1, -1, -1, -1, -1, -1, -1, -1, -1, -1, -1, -1, -1, -1, -1, -1,
  // "awai"
  -1, -1, -1, -1, -1, -1, -1, -1, -1, -1, -1, -1, -1, -1, -1, -1, -1, -1, -1, -1, 756, -1, -1, -1, -1, -1, -1,
  // "await"
  _keywords.ContextualKeyword._await << 1, -1, -1, -1, -1, -1, -1, -1, -1, -1, -1, -1, -1, -1, -1, -1, -1, -1, -1, -1, -1, -1, -1, -1, -1, -1, -1,
  // "b"
  -1, -1, -1, -1, -1, -1, -1, -1, -1, -1, -1, -1, -1, -1, -1, -1, -1, -1, 810, -1, -1, -1, -1, -1, -1, -1, -1,
  // "br"
  -1, -1, -1, -1, -1, 837, -1, -1, -1, -1, -1, -1, -1, -1, -1, -1, -1, -1, -1, -1, -1, -1, -1, -1, -1, -1, -1,
  // "bre"
  -1, 864, -1, -1, -1, -1, -1, -1, -1, -1, -1, -1, -1, -1, -1, -1, -1, -1, -1, -1, -1, -1, -1, -1, -1, -1, -1,
  // "brea"
  -1, -1, -1, -1, -1, -1, -1, -1, -1, -1, -1, 891, -1, -1, -1, -1, -1, -1, -1, -1, -1, -1, -1, -1, -1, -1, -1,
  // "break"
  (_types.TokenType._break << 1) + 1, -1, -1, -1, -1, -1, -1, -1, -1, -1, -1, -1, -1, -1, -1, -1, -1, -1, -1, -1, -1, -1, -1, -1, -1, -1, -1,
  // "c"
  -1, 945, -1, -1, -1, -1, -1, -1, 1107, -1, -1, -1, 1242, -1, -1, 1350, -1, -1, -1, -1, -1, -1, -1, -1, -1, -1, -1,
  // "ca"
  -1, -1, -1, -1, -1, -1, -1, -1, -1, -1, -1, -1, -1, -1, -1, -1, -1, -1, -1, 972, 1026, -1, -1, -1, -1, -1, -1,
  // "cas"
  -1, -1, -1, -1, -1, 999, -1, -1, -1, -1, -1, -1, -1, -1, -1, -1, -1, -1, -1, -1, -1, -1, -1, -1, -1, -1, -1,
  // "case"
  (_types.TokenType._case << 1) + 1, -1, -1, -1, -1, -1, -1, -1, -1, -1, -1, -1, -1, -1, -1, -1, -1, -1, -1, -1, -1, -1, -1, -1, -1, -1, -1,
  // "cat"
  -1, -1, -1, 1053, -1, -1, -1, -1, -1, -1, -1, -1, -1, -1, -1, -1, -1, -1, -1, -1, -1, -1, -1, -1, -1, -1, -1,
  // "catc"
  -1, -1, -1, -1, -1, -1, -1, -1, 1080, -1, -1, -1, -1, -1, -1, -1, -1, -1, -1, -1, -1, -1, -1, -1, -1, -1, -1,
  // "catch"
  (_types.TokenType._catch << 1) + 1, -1, -1, -1, -1, -1, -1, -1, -1, -1, -1, -1, -1, -1, -1, -1, -1, -1, -1, -1, -1, -1, -1, -1, -1, -1, -1,
  // "ch"
  -1, -1, -1, -1, -1, 1134, -1, -1, -1, -1, -1, -1, -1, -1, -1, -1, -1, -1, -1, -1, -1, -1, -1, -1, -1, -1, -1,
  // "che"
  -1, -1, -1, 1161, -1, -1, -1, -1, -1, -1, -1, -1, -1, -1, -1, -1, -1, -1, -1, -1, -1, -1, -1, -1, -1, -1, -1,
  // "chec"
  -1, -1, -1, -1, -1, -1, -1, -1, -1, -1, -1, 1188, -1, -1, -1, -1, -1, -1, -1, -1, -1, -1, -1, -1, -1, -1, -1,
  // "check"
  -1, -1, -1, -1, -1, -1, -1, -1, -1, -1, -1, -1, -1, -1, -1, -1, -1, -1, -1, 1215, -1, -1, -1, -1, -1, -1, -1,
  // "checks"
  _keywords.ContextualKeyword._checks << 1, -1, -1, -1, -1, -1, -1, -1, -1, -1, -1, -1, -1, -1, -1, -1, -1, -1, -1, -1, -1, -1, -1, -1, -1, -1, -1,
  // "cl"
  -1, 1269, -1, -1, -1, -1, -1, -1, -1, -1, -1, -1, -1, -1, -1, -1, -1, -1, -1, -1, -1, -1, -1, -1, -1, -1, -1,
  // "cla"
  -1, -1, -1, -1, -1, -1, -1, -1, -1, -1, -1, -1, -1, -1, -1, -1, -1, -1, -1, 1296, -1, -1, -1, -1, -1, -1, -1,
  // "clas"
  -1, -1, -1, -1, -1, -1, -1, -1, -1, -1, -1, -1, -1, -1, -1, -1, -1, -1, -1, 1323, -1, -1, -1, -1, -1, -1, -1,
  // "class"
  (_types.TokenType._class << 1) + 1, -1, -1, -1, -1, -1, -1, -1, -1, -1, -1, -1, -1, -1, -1, -1, -1, -1, -1, -1, -1, -1, -1, -1, -1, -1, -1,
  // "co"
  -1, -1, -1, -1, -1, -1, -1, -1, -1, -1, -1, -1, -1, -1, 1377, -1, -1, -1, -1, -1, -1, -1, -1, -1, -1, -1, -1,
  // "con"
  -1, -1, -1, -1, -1, -1, -1, -1, -1, -1, -1, -1, -1, -1, -1, -1, -1, -1, -1, 1404, 1620, -1, -1, -1, -1, -1, -1,
  // "cons"
  -1, -1, -1, -1, -1, -1, -1, -1, -1, -1, -1, -1, -1, -1, -1, -1, -1, -1, -1, -1, 1431, -1, -1, -1, -1, -1, -1,
  // "const"
  (_types.TokenType._const << 1) + 1, -1, -1, -1, -1, -1, -1, -1, -1, -1, -1, -1, -1, -1, -1, -1, -1, -1, 1458, -1, -1, -1, -1, -1, -1, -1, -1,
  // "constr"
  -1, -1, -1, -1, -1, -1, -1, -1, -1, -1, -1, -1, -1, -1, -1, -1, -1, -1, -1, -1, -1, 1485, -1, -1, -1, -1, -1,
  // "constru"
  -1, -1, -1, 1512, -1, -1, -1, -1, -1, -1, -1, -1, -1, -1, -1, -1, -1, -1, -1, -1, -1, -1, -1, -1, -1, -1, -1,
  // "construc"
  -1, -1, -1, -1, -1, -1, -1, -1, -1, -1, -1, -1, -1, -1, -1, -1, -1, -1, -1, -1, 1539, -1, -1, -1, -1, -1, -1,
  // "construct"
  -1, -1, -1, -1, -1, -1, -1, -1, -1, -1, -1, -1, -1, -1, -1, 1566, -1, -1, -1, -1, -1, -1, -1, -1, -1, -1, -1,
  // "constructo"
  -1, -1, -1, -1, -1, -1, -1, -1, -1, -1, -1, -1, -1, -1, -1, -1, -1, -1, 1593, -1, -1, -1, -1, -1, -1, -1, -1,
  // "constructor"
  _keywords.ContextualKeyword._constructor << 1, -1, -1, -1, -1, -1, -1, -1, -1, -1, -1, -1, -1, -1, -1, -1, -1, -1, -1, -1, -1, -1, -1, -1, -1, -1, -1,
  // "cont"
  -1, -1, -1, -1, -1, -1, -1, -1, -1, 1647, -1, -1, -1, -1, -1, -1, -1, -1, -1, -1, -1, -1, -1, -1, -1, -1, -1,
  // "conti"
  -1, -1, -1, -1, -1, -1, -1, -1, -1, -1, -1, -1, -1, -1, 1674, -1, -1, -1, -1, -1, -1, -1, -1, -1, -1, -1, -1,
  // "contin"
  -1, -1, -1, -1, -1, -1, -1, -1, -1, -1, -1, -1, -1, -1, -1, -1, -1, -1, -1, -1, -1, 1701, -1, -1, -1, -1, -1,
  // "continu"
  -1, -1, -1, -1, -1, 1728, -1, -1, -1, -1, -1, -1, -1, -1, -1, -1, -1, -1, -1, -1, -1, -1, -1, -1, -1, -1, -1,
  // "continue"
  (_types.TokenType._continue << 1) + 1, -1, -1, -1, -1, -1, -1, -1, -1, -1, -1, -1, -1, -1, -1, -1, -1, -1, -1, -1, -1, -1, -1, -1, -1, -1, -1,
  // "d"
  -1, -1, -1, -1, -1, 1782, -1, -1, -1, -1, -1, -1, -1, -1, -1, 2349, -1, -1, -1, -1, -1, -1, -1, -1, -1, -1, -1,
  // "de"
  -1, -1, 1809, 1971, -1, -1, 2106, -1, -1, -1, -1, -1, 2241, -1, -1, -1, -1, -1, -1, -1, -1, -1, -1, -1, -1, -1, -1,
  // "deb"
  -1, -1, -1, -1, -1, -1, -1, -1, -1, -1, -1, -1, -1, -1, -1, -1, -1, -1, -1, -1, -1, 1836, -1, -1, -1, -1, -1,
  // "debu"
  -1, -1, -1, -1, -1, -1, -1, 1863, -1, -1, -1, -1, -1, -1, -1, -1, -1, -1, -1, -1, -1, -1, -1, -1, -1, -1, -1,
  // "debug"
  -1, -1, -1, -1, -1, -1, -1, 1890, -1, -1, -1, -1, -1, -1, -1, -1, -1, -1, -1, -1, -1, -1, -1, -1, -1, -1, -1,
  // "debugg"
  -1, -1, -1, -1, -1, 1917, -1, -1, -1, -1, -1, -1, -1, -1, -1, -1, -1, -1, -1, -1, -1, -1, -1, -1, -1, -1, -1,
  // "debugge"
  -1, -1, -1, -1, -1, -1, -1, -1, -1, -1, -1, -1, -1, -1, -1, -1, -1, -1, 1944, -1, -1, -1, -1, -1, -1, -1, -1,
  // "debugger"
  (_types.TokenType._debugger << 1) + 1, -1, -1, -1, -1, -1, -1, -1, -1, -1, -1, -1, -1, -1, -1, -1, -1, -1, -1, -1, -1, -1, -1, -1, -1, -1, -1,
  // "dec"
  -1, -1, -1, -1, -1, -1, -1, -1, -1, -1, -1, -1, 1998, -1, -1, -1, -1, -1, -1, -1, -1, -1, -1, -1, -1, -1, -1,
  // "decl"
  -1, 2025, -1, -1, -1, -1, -1, -1, -1, -1, -1, -1, -1, -1, -1, -1, -1, -1, -1, -1, -1, -1, -1, -1, -1, -1, -1,
  // "decla"
  -1, -1, -1, -1, -1, -1, -1, -1, -1, -1, -1, -1, -1, -1, -1, -1, -1, -1, 2052, -1, -1, -1, -1, -1, -1, -1, -1,
  // "declar"
  -1, -1, -1, -1, -1, 2079, -1, -1, -1, -1, -1, -1, -1, -1, -1, -1, -1, -1, -1, -1, -1, -1, -1, -1, -1, -1, -1,
  // "declare"
  _keywords.ContextualKeyword._declare << 1, -1, -1, -1, -1, -1, -1, -1, -1, -1, -1, -1, -1, -1, -1, -1, -1, -1, -1, -1, -1, -1, -1, -1, -1, -1, -1,
  // "def"
  -1, 2133, -1, -1, -1, -1, -1, -1, -1, -1, -1, -1, -1, -1, -1, -1, -1, -1, -1, -1, -1, -1, -1, -1, -1, -1, -1,
  // "defa"
  -1, -1, -1, -1, -1, -1, -1, -1, -1, -1, -1, -1, -1, -1, -1, -1, -1, -1, -1, -1, -1, 2160, -1, -1, -1, -1, -1,
  // "defau"
  -1, -1, -1, -1, -1, -1, -1, -1, -1, -1, -1, -1, 2187, -1, -1, -1, -1, -1, -1, -1, -1, -1, -1, -1, -1, -1, -1,
  // "defaul"
  -1, -1, -1, -1, -1, -1, -1, -1, -1, -1, -1, -1, -1, -1, -1, -1, -1, -1, -1, -1, 2214, -1, -1, -1, -1, -1, -1,
  // "default"
  (_types.TokenType._default << 1) + 1, -1, -1, -1, -1, -1, -1, -1, -1, -1, -1, -1, -1, -1, -1, -1, -1, -1, -1, -1, -1, -1, -1, -1, -1, -1, -1,
  // "del"
  -1, -1, -1, -1, -1, 2268, -1, -1, -1, -1, -1, -1, -1, -1, -1, -1, -1, -1, -1, -1, -1, -1, -1, -1, -1, -1, -1,
  // "dele"
  -1, -1, -1, -1, -1, -1, -1, -1, -1, -1, -1, -1, -1, -1, -1, -1, -1, -1, -1, -1, 2295, -1, -1, -1, -1, -1, -1,
  // "delet"
  -1, -1, -1, -1, -1, 2322, -1, -1, -1, -1, -1, -1, -1, -1, -1, -1, -1, -1, -1, -1, -1, -1, -1, -1, -1, -1, -1,
  // "delete"
  (_types.TokenType._delete << 1) + 1, -1, -1, -1, -1, -1, -1, -1, -1, -1, -1, -1, -1, -1, -1, -1, -1, -1, -1, -1, -1, -1, -1, -1, -1, -1, -1,
  // "do"
  (_types.TokenType._do << 1) + 1, -1, -1, -1, -1, -1, -1, -1, -1, -1, -1, -1, -1, -1, -1, -1, -1, -1, -1, -1, -1, -1, -1, -1, -1, -1, -1,
  // "e"
  -1, -1, -1, -1, -1, -1, -1, -1, -1, -1, -1, -1, 2403, -1, 2484, -1, -1, -1, -1, -1, -1, -1, -1, -1, 2565, -1, -1,
  // "el"
  -1, -1, -1, -1, -1, -1, -1, -1, -1, -1, -1, -1, -1, -1, -1, -1, -1, -1, -1, 2430, -1, -1, -1, -1, -1, -1, -1,
  // "els"
  -1, -1, -1, -1, -1, 2457, -1, -1, -1, -1, -1, -1, -1, -1, -1, -1, -1, -1, -1, -1, -1, -1, -1, -1, -1, -1, -1,
  // "else"
  (_types.TokenType._else << 1) + 1, -1, -1, -1, -1, -1, -1, -1, -1, -1, -1, -1, -1, -1, -1, -1, -1, -1, -1, -1, -1, -1, -1, -1, -1, -1, -1,
  // "en"
  -1, -1, -1, -1, -1, -1, -1, -1, -1, -1, -1, -1, -1, -1, -1, -1, -1, -1, -1, -1, -1, 2511, -1, -1, -1, -1, -1,
  // "enu"
  -1, -1, -1, -1, -1, -1, -1, -1, -1, -1, -1, -1, -1, 2538, -1, -1, -1, -1, -1, -1, -1, -1, -1, -1, -1, -1, -1,
  // "enum"
  _keywords.ContextualKeyword._enum << 1, -1, -1, -1, -1, -1, -1, -1, -1, -1, -1, -1, -1, -1, -1, -1, -1, -1, -1, -1, -1, -1, -1, -1, -1, -1, -1,
  // "ex"
  -1, -1, -1, -1, -1, -1, -1, -1, -1, -1, -1, -1, -1, -1, -1, -1, 2592, -1, -1, -1, 2727, -1, -1, -1, -1, -1, -1,
  // "exp"
  -1, -1, -1, -1, -1, -1, -1, -1, -1, -1, -1, -1, -1, -1, -1, 2619, -1, -1, -1, -1, -1, -1, -1, -1, -1, -1, -1,
  // "expo"
  -1, -1, -1, -1, -1, -1, -1, -1, -1, -1, -1, -1, -1, -1, -1, -1, -1, -1, 2646, -1, -1, -1, -1, -1, -1, -1, -1,
  // "expor"
  -1, -1, -1, -1, -1, -1, -1, -1, -1, -1, -1, -1, -1, -1, -1, -1, -1, -1, -1, -1, 2673, -1, -1, -1, -1, -1, -1,
  // "export"
  (_types.TokenType._export << 1) + 1, -1, -1, -1, -1, -1, -1, -1, -1, -1, -1, -1, -1, -1, -1, -1, -1, -1, -1, 2700, -1, -1, -1, -1, -1, -1, -1,
  // "exports"
  _keywords.ContextualKeyword._exports << 1, -1, -1, -1, -1, -1, -1, -1, -1, -1, -1, -1, -1, -1, -1, -1, -1, -1, -1, -1, -1, -1, -1, -1, -1, -1, -1,
  // "ext"
  -1, -1, -1, -1, -1, 2754, -1, -1, -1, -1, -1, -1, -1, -1, -1, -1, -1, -1, -1, -1, -1, -1, -1, -1, -1, -1, -1,
  // "exte"
  -1, -1, -1, -1, -1, -1, -1, -1, -1, -1, -1, -1, -1, -1, 2781, -1, -1, -1, -1, -1, -1, -1, -1, -1, -1, -1, -1,
  // "exten"
  -1, -1, -1, -1, 2808, -1, -1, -1, -1, -1, -1, -1, -1, -1, -1, -1, -1, -1, -1, -1, -1, -1, -1, -1, -1, -1, -1,
  // "extend"
  -1, -1, -1, -1, -1, -1, -1, -1, -1, -1, -1, -1, -1, -1, -1, -1, -1, -1, -1, 2835, -1, -1, -1, -1, -1, -1, -1,
  // "extends"
  (_types.TokenType._extends << 1) + 1, -1, -1, -1, -1, -1, -1, -1, -1, -1, -1, -1, -1, -1, -1, -1, -1, -1, -1, -1, -1, -1, -1, -1, -1, -1, -1,
  // "f"
  -1, 2889, -1, -1, -1, -1, -1, -1, -1, 2997, -1, -1, -1, -1, -1, 3159, -1, -1, 3213, -1, -1, 3294, -1, -1, -1, -1, -1,
  // "fa"
  -1, -1, -1, -1, -1, -1, -1, -1, -1, -1, -1, -1, 2916, -1, -1, -1, -1, -1, -1, -1, -1, -1, -1, -1, -1, -1, -1,
  // "fal"
  -1, -1, -1, -1, -1, -1, -1, -1, -1, -1, -1, -1, -1, -1, -1, -1, -1, -1, -1, 2943, -1, -1, -1, -1, -1, -1, -1,
  // "fals"
  -1, -1, -1, -1, -1, 2970, -1, -1, -1, -1, -1, -1, -1, -1, -1, -1, -1, -1, -1, -1, -1, -1, -1, -1, -1, -1, -1,
  // "false"
  (_types.TokenType._false << 1) + 1, -1, -1, -1, -1, -1, -1, -1, -1, -1, -1, -1, -1, -1, -1, -1, -1, -1, -1, -1, -1, -1, -1, -1, -1, -1, -1,
  // "fi"
  -1, -1, -1, -1, -1, -1, -1, -1, -1, -1, -1, -1, -1, -1, 3024, -1, -1, -1, -1, -1, -1, -1, -1, -1, -1, -1, -1,
  // "fin"
  -1, 3051, -1, -1, -1, -1, -1, -1, -1, -1, -1, -1, -1, -1, -1, -1, -1, -1, -1, -1, -1, -1, -1, -1, -1, -1, -1,
  // "fina"
  -1, -1, -1, -1, -1, -1, -1, -1, -1, -1, -1, -1, 3078, -1, -1, -1, -1, -1, -1, -1, -1, -1, -1, -1, -1, -1, -1,
  // "final"
  -1, -1, -1, -1, -1, -1, -1, -1, -1, -1, -1, -1, 3105, -1, -1, -1, -1, -1, -1, -1, -1, -1, -1, -1, -1, -1, -1,
  // "finall"
  -1, -1, -1, -1, -1, -1, -1, -1, -1, -1, -1, -1, -1, -1, -1, -1, -1, -1, -1, -1, -1, -1, -1, -1, -1, 3132, -1,
  // "finally"
  (_types.TokenType._finally << 1) + 1, -1, -1, -1, -1, -1, -1, -1, -1, -1, -1, -1, -1, -1, -1, -1, -1, -1, -1, -1, -1, -1, -1, -1, -1, -1, -1,
  // "fo"
  -1, -1, -1, -1, -1, -1, -1, -1, -1, -1, -1, -1, -1, -1, -1, -1, -1, -1, 3186, -1, -1, -1, -1, -1, -1, -1, -1,
  // "for"
  (_types.TokenType._for << 1) + 1, -1, -1, -1, -1, -1, -1, -1, -1, -1, -1, -1, -1, -1, -1, -1, -1, -1, -1, -1, -1, -1, -1, -1, -1, -1, -1,
  // "fr"
  -1, -1, -1, -1, -1, -1, -1, -1, -1, -1, -1, -1, -1, -1, -1, 3240, -1, -1, -1, -1, -1, -1, -1, -1, -1, -1, -1,
  // "fro"
  -1, -1, -1, -1, -1, -1, -1, -1, -1, -1, -1, -1, -1, 3267, -1, -1, -1, -1, -1, -1, -1, -1, -1, -1, -1, -1, -1,
  // "from"
  _keywords.ContextualKeyword._from << 1, -1, -1, -1, -1, -1, -1, -1, -1, -1, -1, -1, -1, -1, -1, -1, -1, -1, -1, -1, -1, -1, -1, -1, -1, -1, -1,
  // "fu"
  -1, -1, -1, -1, -1, -1, -1, -1, -1, -1, -1, -1, -1, -1, 3321, -1, -1, -1, -1, -1, -1, -1, -1, -1, -1, -1, -1,
  // "fun"
  -1, -1, -1, 3348, -1, -1, -1, -1, -1, -1, -1, -1, -1, -1, -1, -1, -1, -1, -1, -1, -1, -1, -1, -1, -1, -1, -1,
  // "func"
  -1, -1, -1, -1, -1, -1, -1, -1, -1, -1, -1, -1, -1, -1, -1, -1, -1, -1, -1, -1, 3375, -1, -1, -1, -1, -1, -1,
  // "funct"
  -1, -1, -1, -1, -1, -1, -1, -1, -1, 3402, -1, -1, -1, -1, -1, -1, -1, -1, -1, -1, -1, -1, -1, -1, -1, -1, -1,
  // "functi"
  -1, -1, -1, -1, -1, -1, -1, -1, -1, -1, -1, -1, -1, -1, -1, 3429, -1, -1, -1, -1, -1, -1, -1, -1, -1, -1, -1,
  // "functio"
  -1, -1, -1, -1, -1, -1, -1, -1, -1, -1, -1, -1, -1, -1, 3456, -1, -1, -1, -1, -1, -1, -1, -1, -1, -1, -1, -1,
  // "function"
  (_types.TokenType._function << 1) + 1, -1, -1, -1, -1, -1, -1, -1, -1, -1, -1, -1, -1, -1, -1, -1, -1, -1, -1, -1, -1, -1, -1, -1, -1, -1, -1,
  // "g"
  -1, -1, -1, -1, -1, 3510, -1, -1, -1, -1, -1, -1, 3564, -1, -1, -1, -1, -1, -1, -1, -1, -1, -1, -1, -1, -1, -1,
  // "ge"
  -1, -1, -1, -1, -1, -1, -1, -1, -1, -1, -1, -1, -1, -1, -1, -1, -1, -1, -1, -1, 3537, -1, -1, -1, -1, -1, -1,
  // "get"
  _keywords.ContextualKeyword._get << 1, -1, -1, -1, -1, -1, -1, -1, -1, -1, -1, -1, -1, -1, -1, -1, -1, -1, -1, -1, -1, -1, -1, -1, -1, -1, -1,
  // "gl"
  -1, -1, -1, -1, -1, -1, -1, -1, -1, -1, -1, -1, -1, -1, -1, 3591, -1, -1, -1, -1, -1, -1, -1, -1, -1, -1, -1,
  // "glo"
  -1, -1, 3618, -1, -1, -1, -1, -1, -1, -1, -1, -1, -1, -1, -1, -1, -1, -1, -1, -1, -1, -1, -1, -1, -1, -1, -1,
  // "glob"
  -1, 3645, -1, -1, -1, -1, -1, -1, -1, -1, -1, -1, -1, -1, -1, -1, -1, -1, -1, -1, -1, -1, -1, -1, -1, -1, -1,
  // "globa"
  -1, -1, -1, -1, -1, -1, -1, -1, -1, -1, -1, -1, 3672, -1, -1, -1, -1, -1, -1, -1, -1, -1, -1, -1, -1, -1, -1,
  // "global"
  _keywords.ContextualKeyword._global << 1, -1, -1, -1, -1, -1, -1, -1, -1, -1, -1, -1, -1, -1, -1, -1, -1, -1, -1, -1, -1, -1, -1, -1, -1, -1, -1,
  // "i"
  -1, -1, -1, -1, -1, -1, 3726, -1, -1, -1, -1, -1, -1, 3753, 4077, -1, -1, -1, -1, 4590, -1, -1, -1, -1, -1, -1, -1,
  // "if"
  (_types.TokenType._if << 1) + 1, -1, -1, -1, -1, -1, -1, -1, -1, -1, -1, -1, -1, -1, -1, -1, -1, -1, -1, -1, -1, -1, -1, -1, -1, -1, -1,
  // "im"
  -1, -1, -1, -1, -1, -1, -1, -1, -1, -1, -1, -1, -1, -1, -1, -1, 3780, -1, -1, -1, -1, -1, -1, -1, -1, -1, -1,
  // "imp"
  -1, -1, -1, -1, -1, -1, -1, -1, -1, -1, -1, -1, 3807, -1, -1, 3996, -1, -1, -1, -1, -1, -1, -1, -1, -1, -1, -1,
  // "impl"
  -1, -1, -1, -1, -1, 3834, -1, -1, -1, -1, -1, -1, -1, -1, -1, -1, -1, -1, -1, -1, -1, -1, -1, -1, -1, -1, -1,
  // "imple"
  -1, -1, -1, -1, -1, -1, -1, -1, -1, -1, -1, -1, -1, 3861, -1, -1, -1, -1, -1, -1, -1, -1, -1, -1, -1, -1, -1,
  // "implem"
  -1, -1, -1, -1, -1, 3888, -1, -1, -1, -1, -1, -1, -1, -1, -1, -1, -1, -1, -1, -1, -1, -1, -1, -1, -1, -1, -1,
  // "impleme"
  -1, -1, -1, -1, -1, -1, -1, -1, -1, -1, -1, -1, -1, -1, 3915, -1, -1, -1, -1, -1, -1, -1, -1, -1, -1, -1, -1,
  // "implemen"
  -1, -1, -1, -1, -1, -1, -1, -1, -1, -1, -1, -1, -1, -1, -1, -1, -1, -1, -1, -1, 3942, -1, -1, -1, -1, -1, -1,
  // "implement"
  -1, -1, -1, -1, -1, -1, -1, -1, -1, -1, -1, -1, -1, -1, -1, -1, -1, -1, -1, 3969, -1, -1, -1, -1, -1, -1, -1,
  // "implements"
  _keywords.ContextualKeyword._implements << 1, -1, -1, -1, -1, -1, -1, -1, -1, -1, -1, -1, -1, -1, -1, -1, -1, -1, -1, -1, -1, -1, -1, -1, -1, -1, -1,
  // "impo"
  -1, -1, -1, -1, -1, -1, -1, -1, -1, -1, -1, -1, -1, -1, -1, -1, -1, -1, 4023, -1, -1, -1, -1, -1, -1, -1, -1,
  // "impor"
  -1, -1, -1, -1, -1, -1, -1, -1, -1, -1, -1, -1, -1, -1, -1, -1, -1, -1, -1, -1, 4050, -1, -1, -1, -1, -1, -1,
  // "import"
  (_types.TokenType._import << 1) + 1, -1, -1, -1, -1, -1, -1, -1, -1, -1, -1, -1, -1, -1, -1, -1, -1, -1, -1, -1, -1, -1, -1, -1, -1, -1, -1,
  // "in"
  (_types.TokenType._in << 1) + 1, -1, -1, -1, -1, -1, 4104, -1, -1, -1, -1, -1, -1, -1, -1, -1, -1, -1, -1, 4185, 4401, -1, -1, -1, -1, -1, -1,
  // "inf"
  -1, -1, -1, -1, -1, 4131, -1, -1, -1, -1, -1, -1, -1, -1, -1, -1, -1, -1, -1, -1, -1, -1, -1, -1, -1, -1, -1,
  // "infe"
  -1, -1, -1, -1, -1, -1, -1, -1, -1, -1, -1, -1, -1, -1, -1, -1, -1, -1, 4158, -1, -1, -1, -1, -1, -1, -1, -1,
  // "infer"
  _keywords.ContextualKeyword._infer << 1, -1, -1, -1, -1, -1, -1, -1, -1, -1, -1, -1, -1, -1, -1, -1, -1, -1, -1, -1, -1, -1, -1, -1, -1, -1, -1,
  // "ins"
  -1, -1, -1, -1, -1, -1, -1, -1, -1, -1, -1, -1, -1, -1, -1, -1, -1, -1, -1, -1, 4212, -1, -1, -1, -1, -1, -1,
  // "inst"
  -1, 4239, -1, -1, -1, -1, -1, -1, -1, -1, -1, -1, -1, -1, -1, -1, -1, -1, -1, -1, -1, -1, -1, -1, -1, -1, -1,
  // "insta"
  -1, -1, -1, -1, -1, -1, -1, -1, -1, -1, -1, -1, -1, -1, 4266, -1, -1, -1, -1, -1, -1, -1, -1, -1, -1, -1, -1,
  // "instan"
  -1, -1, -1, 4293, -1, -1, -1, -1, -1, -1, -1, -1, -1, -1, -1, -1, -1, -1, -1, -1, -1, -1, -1, -1, -1, -1, -1,
  // "instanc"
  -1, -1, -1, -1, -1, 4320, -1, -1, -1, -1, -1, -1, -1, -1, -1, -1, -1, -1, -1, -1, -1, -1, -1, -1, -1, -1, -1,
  // "instance"
  -1, -1, -1, -1, -1, -1, -1, -1, -1, -1, -1, -1, -1, -1, -1, 4347, -1, -1, -1, -1, -1, -1, -1, -1, -1, -1, -1,
  // "instanceo"
  -1, -1, -1, -1, -1, -1, 4374, -1, -1, -1, -1, -1, -1, -1, -1, -1, -1, -1, -1, -1, -1, -1, -1, -1, -1, -1, -1,
  // "instanceof"
  (_types.TokenType._instanceof << 1) + 1, -1, -1, -1, -1, -1, -1, -1, -1, -1, -1, -1, -1, -1, -1, -1, -1, -1, -1, -1, -1, -1, -1, -1, -1, -1, -1,
  // "int"
  -1, -1, -1, -1, -1, 4428, -1, -1, -1, -1, -1, -1, -1, -1, -1, -1, -1, -1, -1, -1, -1, -1, -1, -1, -1, -1, -1,
  // "inte"
  -1, -1, -1, -1, -1, -1, -1, -1, -1, -1, -1, -1, -1, -1, -1, -1, -1, -1, 4455, -1, -1, -1, -1, -1, -1, -1, -1,
  // "inter"
  -1, -1, -1, -1, -1, -1, 4482, -1, -1, -1, -1, -1, -1, -1, -1, -1, -1, -1, -1, -1, -1, -1, -1, -1, -1, -1, -1,
  // "interf"
  -1, 4509, -1, -1, -1, -1, -1, -1, -1, -1, -1, -1, -1, -1, -1, -1, -1, -1, -1, -1, -1, -1, -1, -1, -1, -1, -1,
  // "interfa"
  -1, -1, -1, 4536, -1, -1, -1, -1, -1, -1, -1, -1, -1, -1, -1, -1, -1, -1, -1, -1, -1, -1, -1, -1, -1, -1, -1,
  // "interfac"
  -1, -1, -1, -1, -1, 4563, -1, -1, -1, -1, -1, -1, -1, -1, -1, -1, -1, -1, -1, -1, -1, -1, -1, -1, -1, -1, -1,
  // "interface"
  _keywords.ContextualKeyword._interface << 1, -1, -1, -1, -1, -1, -1, -1, -1, -1, -1, -1, -1, -1, -1, -1, -1, -1, -1, -1, -1, -1, -1, -1, -1, -1, -1,
  // "is"
  _keywords.ContextualKeyword._is << 1, -1, -1, -1, -1, -1, -1, -1, -1, -1, -1, -1, -1, -1, -1, -1, -1, -1, -1, -1, -1, -1, -1, -1, -1, -1, -1,
  // "k"
  -1, -1, -1, -1, -1, 4644, -1, -1, -1, -1, -1, -1, -1, -1, -1, -1, -1, -1, -1, -1, -1, -1, -1, -1, -1, -1, -1,
  // "ke"
  -1, -1, -1, -1, -1, -1, -1, -1, -1, -1, -1, -1, -1, -1, -1, -1, -1, -1, -1, -1, -1, -1, -1, -1, -1, 4671, -1,
  // "key"
  -1, -1, -1, -1, -1, -1, -1, -1, -1, -1, -1, -1, -1, -1, -1, 4698, -1, -1, -1, -1, -1, -1, -1, -1, -1, -1, -1,
  // "keyo"
  -1, -1, -1, -1, -1, -1, 4725, -1, -1, -1, -1, -1, -1, -1, -1, -1, -1, -1, -1, -1, -1, -1, -1, -1, -1, -1, -1,
  // "keyof"
  _keywords.ContextualKeyword._keyof << 1, -1, -1, -1, -1, -1, -1, -1, -1, -1, -1, -1, -1, -1, -1, -1, -1, -1, -1, -1, -1, -1, -1, -1, -1, -1, -1,
  // "l"
  -1, -1, -1, -1, -1, 4779, -1, -1, -1, -1, -1, -1, -1, -1, -1, -1, -1, -1, -1, -1, -1, -1, -1, -1, -1, -1, -1,
  // "le"
  -1, -1, -1, -1, -1, -1, -1, -1, -1, -1, -1, -1, -1, -1, -1, -1, -1, -1, -1, -1, 4806, -1, -1, -1, -1, -1, -1,
  // "let"
  (_types.TokenType._let << 1) + 1, -1, -1, -1, -1, -1, -1, -1, -1, -1, -1, -1, -1, -1, -1, -1, -1, -1, -1, -1, -1, -1, -1, -1, -1, -1, -1,
  // "m"
  -1, -1, -1, -1, -1, -1, -1, -1, -1, 4860, -1, -1, -1, -1, -1, 4995, -1, -1, -1, -1, -1, -1, -1, -1, -1, -1, -1,
  // "mi"
  -1, -1, -1, -1, -1, -1, -1, -1, -1, -1, -1, -1, -1, -1, -1, -1, -1, -1, -1, -1, -1, -1, -1, -1, 4887, -1, -1,
  // "mix"
  -1, -1, -1, -1, -1, -1, -1, -1, -1, 4914, -1, -1, -1, -1, -1, -1, -1, -1, -1, -1, -1, -1, -1, -1, -1, -1, -1,
  // "mixi"
  -1, -1, -1, -1, -1, -1, -1, -1, -1, -1, -1, -1, -1, -1, 4941, -1, -1, -1, -1, -1, -1, -1, -1, -1, -1, -1, -1,
  // "mixin"
  -1, -1, -1, -1, -1, -1, -1, -1, -1, -1, -1, -1, -1, -1, -1, -1, -1, -1, -1, 4968, -1, -1, -1, -1, -1, -1, -1,
  // "mixins"
  _keywords.ContextualKeyword._mixins << 1, -1, -1, -1, -1, -1, -1, -1, -1, -1, -1, -1, -1, -1, -1, -1, -1, -1, -1, -1, -1, -1, -1, -1, -1, -1, -1,
  // "mo"
  -1, -1, -1, -1, 5022, -1, -1, -1, -1, -1, -1, -1, -1, -1, -1, -1, -1, -1, -1, -1, -1, -1, -1, -1, -1, -1, -1,
  // "mod"
  -1, -1, -1, -1, -1, -1, -1, -1, -1, -1, -1, -1, -1, -1, -1, -1, -1, -1, -1, -1, -1, 5049, -1, -1, -1, -1, -1,
  // "modu"
  -1, -1, -1, -1, -1, -1, -1, -1, -1, -1, -1, -1, 5076, -1, -1, -1, -1, -1, -1, -1, -1, -1, -1, -1, -1, -1, -1,
  // "modul"
  -1, -1, -1, -1, -1, 5103, -1, -1, -1, -1, -1, -1, -1, -1, -1, -1, -1, -1, -1, -1, -1, -1, -1, -1, -1, -1, -1,
  // "module"
  _keywords.ContextualKeyword._module << 1, -1, -1, -1, -1, -1, -1, -1, -1, -1, -1, -1, -1, -1, -1, -1, -1, -1, -1, -1, -1, -1, -1, -1, -1, -1, -1,
  // "n"
  -1, 5157, -1, -1, -1, 5373, -1, -1, -1, -1, -1, -1, -1, -1, -1, -1, -1, -1, -1, -1, -1, 5427, -1, -1, -1, -1, -1,
  // "na"
  -1, -1, -1, -1, -1, -1, -1, -1, -1, -1, -1, -1, -1, 5184, -1, -1, -1, -1, -1, -1, -1, -1, -1, -1, -1, -1, -1,
  // "nam"
  -1, -1, -1, -1, -1, 5211, -1, -1, -1, -1, -1, -1, -1, -1, -1, -1, -1, -1, -1, -1, -1, -1, -1, -1, -1, -1, -1,
  // "name"
  -1, -1, -1, -1, -1, -1, -1, -1, -1, -1, -1, -1, -1, -1, -1, -1, -1, -1, -1, 5238, -1, -1, -1, -1, -1, -1, -1,
  // "names"
  -1, -1, -1, -1, -1, -1, -1, -1, -1, -1, -1, -1, -1, -1, -1, -1, 5265, -1, -1, -1, -1, -1, -1, -1, -1, -1, -1,
  // "namesp"
  -1, 5292, -1, -1, -1, -1, -1, -1, -1, -1, -1, -1, -1, -1, -1, -1, -1, -1, -1, -1, -1, -1, -1, -1, -1, -1, -1,
  // "namespa"
  -1, -1, -1, 5319, -1, -1, -1, -1, -1, -1, -1, -1, -1, -1, -1, -1, -1, -1, -1, -1, -1, -1, -1, -1, -1, -1, -1,
  // "namespac"
  -1, -1, -1, -1, -1, 5346, -1, -1, -1, -1, -1, -1, -1, -1, -1, -1, -1, -1, -1, -1, -1, -1, -1, -1, -1, -1, -1,
  // "namespace"
  _keywords.ContextualKeyword._namespace << 1, -1, -1, -1, -1, -1, -1, -1, -1, -1, -1, -1, -1, -1, -1, -1, -1, -1, -1, -1, -1, -1, -1, -1, -1, -1, -1,
  // "ne"
  -1, -1, -1, -1, -1, -1, -1, -1, -1, -1, -1, -1, -1, -1, -1, -1, -1, -1, -1, -1, -1, -1, -1, 5400, -1, -1, -1,
  // "new"
  (_types.TokenType._new << 1) + 1, -1, -1, -1, -1, -1, -1, -1, -1, -1, -1, -1, -1, -1, -1, -1, -1, -1, -1, -1, -1, -1, -1, -1, -1, -1, -1,
  // "nu"
  -1, -1, -1, -1, -1, -1, -1, -1, -1, -1, -1, -1, 5454, -1, -1, -1, -1, -1, -1, -1, -1, -1, -1, -1, -1, -1, -1,
  // "nul"
  -1, -1, -1, -1, -1, -1, -1, -1, -1, -1, -1, -1, 5481, -1, -1, -1, -1, -1, -1, -1, -1, -1, -1, -1, -1, -1, -1,
  // "null"
  (_types.TokenType._null << 1) + 1, -1, -1, -1, -1, -1, -1, -1, -1, -1, -1, -1, -1, -1, -1, -1, -1, -1, -1, -1, -1, -1, -1, -1, -1, -1, -1,
  // "o"
  -1, -1, -1, -1, -1, -1, 5535, -1, -1, -1, -1, -1, -1, -1, -1, -1, 5562, -1, -1, -1, -1, 5697, 5751, -1, -1, -1, -1,
  // "of"
  _keywords.ContextualKeyword._of << 1, -1, -1, -1, -1, -1, -1, -1, -1, -1, -1, -1, -1, -1, -1, -1, -1, -1, -1, -1, -1, -1, -1, -1, -1, -1, -1,
  // "op"
  -1, 5589, -1, -1, -1, -1, -1, -1, -1, -1, -1, -1, -1, -1, -1, -1, -1, -1, -1, -1, -1, -1, -1, -1, -1, -1, -1,
  // "opa"
  -1, -1, -1, -1, -1, -1, -1, -1, -1, -1, -1, -1, -1, -1, -1, -1, -1, 5616, -1, -1, -1, -1, -1, -1, -1, -1, -1,
  // "opaq"
  -1, -1, -1, -1, -1, -1, -1, -1, -1, -1, -1, -1, -1, -1, -1, -1, -1, -1, -1, -1, -1, 5643, -1, -1, -1, -1, -1,
  // "opaqu"
  -1, -1, -1, -1, -1, 5670, -1, -1, -1, -1, -1, -1, -1, -1, -1, -1, -1, -1, -1, -1, -1, -1, -1, -1, -1, -1, -1,
  // "opaque"
  _keywords.ContextualKeyword._opaque << 1, -1, -1, -1, -1, -1, -1, -1, -1, -1, -1, -1, -1, -1, -1, -1, -1, -1, -1, -1, -1, -1, -1, -1, -1, -1, -1,
  // "ou"
  -1, -1, -1, -1, -1, -1, -1, -1, -1, -1, -1, -1, -1, -1, -1, -1, -1, -1, -1, -1, 5724, -1, -1, -1, -1, -1, -1,
  // "out"
  _keywords.ContextualKeyword._out << 1, -1, -1, -1, -1, -1, -1, -1, -1, -1, -1, -1, -1, -1, -1, -1, -1, -1, -1, -1, -1, -1, -1, -1, -1, -1, -1,
  // "ov"
  -1, -1, -1, -1, -1, 5778, -1, -1, -1, -1, -1, -1, -1, -1, -1, -1, -1, -1, -1, -1, -1, -1, -1, -1, -1, -1, -1,
  // "ove"
  -1, -1, -1, -1, -1, -1, -1, -1, -1, -1, -1, -1, -1, -1, -1, -1, -1, -1, 5805, -1, -1, -1, -1, -1, -1, -1, -1,
  // "over"
  -1, -1, -1, -1, -1, -1, -1, -1, -1, -1, -1, -1, -1, -1, -1, -1, -1, -1, 5832, -1, -1, -1, -1, -1, -1, -1, -1,
  // "overr"
  -1, -1, -1, -1, -1, -1, -1, -1, -1, 5859, -1, -1, -1, -1, -1, -1, -1, -1, -1, -1, -1, -1, -1, -1, -1, -1, -1,
  // "overri"
  -1, -1, -1, -1, 5886, -1, -1, -1, -1, -1, -1, -1, -1, -1, -1, -1, -1, -1, -1, -1, -1, -1, -1, -1, -1, -1, -1,
  // "overrid"
  -1, -1, -1, -1, -1, 5913, -1, -1, -1, -1, -1, -1, -1, -1, -1, -1, -1, -1, -1, -1, -1, -1, -1, -1, -1, -1, -1,
  // "override"
  _keywords.ContextualKeyword._override << 1, -1, -1, -1, -1, -1, -1, -1, -1, -1, -1, -1, -1, -1, -1, -1, -1, -1, -1, -1, -1, -1, -1, -1, -1, -1, -1,
  // "p"
  -1, -1, -1, -1, -1, -1, -1, -1, -1, -1, -1, -1, -1, -1, -1, -1, -1, -1, 5967, -1, -1, 6345, -1, -1, -1, -1, -1,
  // "pr"
  -1, -1, -1, -1, -1, -1, -1, -1, -1, 5994, -1, -1, -1, -1, -1, 6129, -1, -1, -1, -1, -1, -1, -1, -1, -1, -1, -1,
  // "pri"
  -1, -1, -1, -1, -1, -1, -1, -1, -1, -1, -1, -1, -1, -1, -1, -1, -1, -1, -1, -1, -1, -1, 6021, -1, -1, -1, -1,
  // "priv"
  -1, 6048, -1, -1, -1, -1, -1, -1, -1, -1, -1, -1, -1, -1, -1, -1, -1, -1, -1, -1, -1, -1, -1, -1, -1, -1, -1,
  // "priva"
  -1, -1, -1, -1, -1, -1, -1, -1, -1, -1, -1, -1, -1, -1, -1, -1, -1, -1, -1, -1, 6075, -1, -1, -1, -1, -1, -1,
  // "privat"
  -1, -1, -1, -1, -1, 6102, -1, -1, -1, -1, -1, -1, -1, -1, -1, -1, -1, -1, -1, -1, -1, -1, -1, -1, -1, -1, -1,
  // "private"
  _keywords.ContextualKeyword._private << 1, -1, -1, -1, -1, -1, -1, -1, -1, -1, -1, -1, -1, -1, -1, -1, -1, -1, -1, -1, -1, -1, -1, -1, -1, -1, -1,
  // "pro"
  -1, -1, -1, -1, -1, -1, -1, -1, -1, -1, -1, -1, -1, -1, -1, -1, -1, -1, -1, -1, 6156, -1, -1, -1, -1, -1, -1,
  // "prot"
  -1, -1, -1, -1, -1, 6183, -1, -1, -1, -1, -1, -1, -1, -1, -1, 6318, -1, -1, -1, -1, -1, -1, -1, -1, -1, -1, -1,
  // "prote"
  -1, -1, -1, 6210, -1, -1, -1, -1, -1, -1, -1, -1, -1, -1, -1, -1, -1, -1, -1, -1, -1, -1, -1, -1, -1, -1, -1,
  // "protec"
  -1, -1, -1, -1, -1, -1, -1, -1, -1, -1, -1, -1, -1, -1, -1, -1, -1, -1, -1, -1, 6237, -1, -1, -1, -1, -1, -1,
  // "protect"
  -1, -1, -1, -1, -1, 6264, -1, -1, -1, -1, -1, -1, -1, -1, -1, -1, -1, -1, -1, -1, -1, -1, -1, -1, -1, -1, -1,
  // "protecte"
  -1, -1, -1, -1, 6291, -1, -1, -1, -1, -1, -1, -1, -1, -1, -1, -1, -1, -1, -1, -1, -1, -1, -1, -1, -1, -1, -1,
  // "protected"
  _keywords.ContextualKeyword._protected << 1, -1, -1, -1, -1, -1, -1, -1, -1, -1, -1, -1, -1, -1, -1, -1, -1, -1, -1, -1, -1, -1, -1, -1, -1, -1, -1,
  // "proto"
  _keywords.ContextualKeyword._proto << 1, -1, -1, -1, -1, -1, -1, -1, -1, -1, -1, -1, -1, -1, -1, -1, -1, -1, -1, -1, -1, -1, -1, -1, -1, -1, -1,
  // "pu"
  -1, -1, 6372, -1, -1, -1, -1, -1, -1, -1, -1, -1, -1, -1, -1, -1, -1, -1, -1, -1, -1, -1, -1, -1, -1, -1, -1,
  // "pub"
  -1, -1, -1, -1, -1, -1, -1, -1, -1, -1, -1, -1, 6399, -1, -1, -1, -1, -1, -1, -1, -1, -1, -1, -1, -1, -1, -1,
  // "publ"
  -1, -1, -1, -1, -1, -1, -1, -1, -1, 6426, -1, -1, -1, -1, -1, -1, -1, -1, -1, -1, -1, -1, -1, -1, -1, -1, -1,
  // "publi"
  -1, -1, -1, 6453, -1, -1, -1, -1, -1, -1, -1, -1, -1, -1, -1, -1, -1, -1, -1, -1, -1, -1, -1, -1, -1, -1, -1,
  // "public"
  _keywords.ContextualKeyword._public << 1, -1, -1, -1, -1, -1, -1, -1, -1, -1, -1, -1, -1, -1, -1, -1, -1, -1, -1, -1, -1, -1, -1, -1, -1, -1, -1,
  // "r"
  -1, -1, -1, -1, -1, 6507, -1, -1, -1, -1, -1, -1, -1, -1, -1, -1, -1, -1, -1, -1, -1, -1, -1, -1, -1, -1, -1,
  // "re"
  -1, 6534, -1, -1, -1, -1, -1, -1, -1, -1, -1, -1, -1, -1, -1, -1, -1, 6696, -1, -1, 6831, -1, -1, -1, -1, -1, -1,
  // "rea"
  -1, -1, -1, -1, 6561, -1, -1, -1, -1, -1, -1, -1, -1, -1, -1, -1, -1, -1, -1, -1, -1, -1, -1, -1, -1, -1, -1,
  // "read"
  -1, -1, -1, -1, -1, -1, -1, -1, -1, -1, -1, -1, -1, -1, -1, 6588, -1, -1, -1, -1, -1, -1, -1, -1, -1, -1, -1,
  // "reado"
  -1, -1, -1, -1, -1, -1, -1, -1, -1, -1, -1, -1, -1, -1, 6615, -1, -1, -1, -1, -1, -1, -1, -1, -1, -1, -1, -1,
  // "readon"
  -1, -1, -1, -1, -1, -1, -1, -1, -1, -1, -1, -1, 6642, -1, -1, -1, -1, -1, -1, -1, -1, -1, -1, -1, -1, -1, -1,
  // "readonl"
  -1, -1, -1, -1, -1, -1, -1, -1, -1, -1, -1, -1, -1, -1, -1, -1, -1, -1, -1, -1, -1, -1, -1, -1, -1, 6669, -1,
  // "readonly"
  _keywords.ContextualKeyword._readonly << 1, -1, -1, -1, -1, -1, -1, -1, -1, -1, -1, -1, -1, -1, -1, -1, -1, -1, -1, -1, -1, -1, -1, -1, -1, -1, -1,
  // "req"
  -1, -1, -1, -1, -1, -1, -1, -1, -1, -1, -1, -1, -1, -1, -1, -1, -1, -1, -1, -1, -1, 6723, -1, -1, -1, -1, -1,
  // "requ"
  -1, -1, -1, -1, -1, -1, -1, -1, -1, 6750, -1, -1, -1, -1, -1, -1, -1, -1, -1, -1, -1, -1, -1, -1, -1, -1, -1,
  // "requi"
  -1, -1, -1, -1, -1, -1, -1, -1, -1, -1, -1, -1, -1, -1, -1, -1, -1, -1, 6777, -1, -1, -1, -1, -1, -1, -1, -1,
  // "requir"
  -1, -1, -1, -1, -1, 6804, -1, -1, -1, -1, -1, -1, -1, -1, -1, -1, -1, -1, -1, -1, -1, -1, -1, -1, -1, -1, -1,
  // "require"
  _keywords.ContextualKeyword._require << 1, -1, -1, -1, -1, -1, -1, -1, -1, -1, -1, -1, -1, -1, -1, -1, -1, -1, -1, -1, -1, -1, -1, -1, -1, -1, -1,
  // "ret"
  -1, -1, -1, -1, -1, -1, -1, -1, -1, -1, -1, -1, -1, -1, -1, -1, -1, -1, -1, -1, -1, 6858, -1, -1, -1, -1, -1,
  // "retu"
  -1, -1, -1, -1, -1, -1, -1, -1, -1, -1, -1, -1, -1, -1, -1, -1, -1, -1, 6885, -1, -1, -1, -1, -1, -1, -1, -1,
  // "retur"
  -1, -1, -1, -1, -1, -1, -1, -1, -1, -1, -1, -1, -1, -1, 6912, -1, -1, -1, -1, -1, -1, -1, -1, -1, -1, -1, -1,
  // "return"
  (_types.TokenType._return << 1) + 1, -1, -1, -1, -1, -1, -1, -1, -1, -1, -1, -1, -1, -1, -1, -1, -1, -1, -1, -1, -1, -1, -1, -1, -1, -1, -1,
  // "s"
  -1, 6966, -1, -1, -1, 7182, -1, -1, -1, -1, -1, -1, -1, -1, -1, -1, -1, -1, -1, -1, 7236, 7371, -1, 7479, -1, 7614, -1,
  // "sa"
  -1, -1, -1, -1, -1, -1, -1, -1, -1, -1, -1, -1, -1, -1, -1, -1, -1, -1, -1, -1, 6993, -1, -1, -1, -1, -1, -1,
  // "sat"
  -1, -1, -1, -1, -1, -1, -1, -1, -1, 7020, -1, -1, -1, -1, -1, -1, -1, -1, -1, -1, -1, -1, -1, -1, -1, -1, -1,
  // "sati"
  -1, -1, -1, -1, -1, -1, -1, -1, -1, -1, -1, -1, -1, -1, -1, -1, -1, -1, -1, 7047, -1, -1, -1, -1, -1, -1, -1,
  // "satis"
  -1, -1, -1, -1, -1, -1, 7074, -1, -1, -1, -1, -1, -1, -1, -1, -1, -1, -1, -1, -1, -1, -1, -1, -1, -1, -1, -1,
  // "satisf"
  -1, -1, -1, -1, -1, -1, -1, -1, -1, 7101, -1, -1, -1, -1, -1, -1, -1, -1, -1, -1, -1, -1, -1, -1, -1, -1, -1,
  // "satisfi"
  -1, -1, -1, -1, -1, 7128, -1, -1, -1, -1, -1, -1, -1, -1, -1, -1, -1, -1, -1, -1, -1, -1, -1, -1, -1, -1, -1,
  // "satisfie"
  -1, -1, -1, -1, -1, -1, -1, -1, -1, -1, -1, -1, -1, -1, -1, -1, -1, -1, -1, 7155, -1, -1, -1, -1, -1, -1, -1,
  // "satisfies"
  _keywords.ContextualKeyword._satisfies << 1, -1, -1, -1, -1, -1, -1, -1, -1, -1, -1, -1, -1, -1, -1, -1, -1, -1, -1, -1, -1, -1, -1, -1, -1, -1, -1,
  // "se"
  -1, -1, -1, -1, -1, -1, -1, -1, -1, -1, -1, -1, -1, -1, -1, -1, -1, -1, -1, -1, 7209, -1, -1, -1, -1, -1, -1,
  // "set"
  _keywords.ContextualKeyword._set << 1, -1, -1, -1, -1, -1, -1, -1, -1, -1, -1, -1, -1, -1, -1, -1, -1, -1, -1, -1, -1, -1, -1, -1, -1, -1, -1,
  // "st"
  -1, 7263, -1, -1, -1, -1, -1, -1, -1, -1, -1, -1, -1, -1, -1, -1, -1, -1, -1, -1, -1, -1, -1, -1, -1, -1, -1,
  // "sta"
  -1, -1, -1, -1, -1, -1, -1, -1, -1, -1, -1, -1, -1, -1, -1, -1, -1, -1, -1, -1, 7290, -1, -1, -1, -1, -1, -1,
  // "stat"
  -1, -1, -1, -1, -1, -1, -1, -1, -1, 7317, -1, -1, -1, -1, -1, -1, -1, -1, -1, -1, -1, -1, -1, -1, -1, -1, -1,
  // "stati"
  -1, -1, -1, 7344, -1, -1, -1, -1, -1, -1, -1, -1, -1, -1, -1, -1, -1, -1, -1, -1, -1, -1, -1, -1, -1, -1, -1,
  // "static"
  _keywords.ContextualKeyword._static << 1, -1, -1, -1, -1, -1, -1, -1, -1, -1, -1, -1, -1, -1, -1, -1, -1, -1, -1, -1, -1, -1, -1, -1, -1, -1, -1,
  // "su"
  -1, -1, -1, -1, -1, -1, -1, -1, -1, -1, -1, -1, -1, -1, -1, -1, 7398, -1, -1, -1, -1, -1, -1, -1, -1, -1, -1,
  // "sup"
  -1, -1, -1, -1, -1, 7425, -1, -1, -1, -1, -1, -1, -1, -1, -1, -1, -1, -1, -1, -1, -1, -1, -1, -1, -1, -1, -1,
  // "supe"
  -1, -1, -1, -1, -1, -1, -1, -1, -1, -1, -1, -1, -1, -1, -1, -1, -1, -1, 7452, -1, -1, -1, -1, -1, -1, -1, -1,
  // "super"
  (_types.TokenType._super << 1) + 1, -1, -1, -1, -1, -1, -1, -1, -1, -1, -1, -1, -1, -1, -1, -1, -1, -1, -1, -1, -1, -1, -1, -1, -1, -1, -1,
  // "sw"
  -1, -1, -1, -1, -1, -1, -1, -1, -1, 7506, -1, -1, -1, -1, -1, -1, -1, -1, -1, -1, -1, -1, -1, -1, -1, -1, -1,
  // "swi"
  -1, -1, -1, -1, -1, -1, -1, -1, -1, -1, -1, -1, -1, -1, -1, -1, -1, -1, -1, -1, 7533, -1, -1, -1, -1, -1, -1,
  // "swit"
  -1, -1, -1, 7560, -1, -1, -1, -1, -1, -1, -1, -1, -1, -1, -1, -1, -1, -1, -1, -1, -1, -1, -1, -1, -1, -1, -1,
  // "switc"
  -1, -1, -1, -1, -1, -1, -1, -1, 7587, -1, -1, -1, -1, -1, -1, -1, -1, -1, -1, -1, -1, -1, -1, -1, -1, -1, -1,
  // "switch"
  (_types.TokenType._switch << 1) + 1, -1, -1, -1, -1, -1, -1, -1, -1, -1, -1, -1, -1, -1, -1, -1, -1, -1, -1, -1, -1, -1, -1, -1, -1, -1, -1,
  // "sy"
  -1, -1, -1, -1, -1, -1, -1, -1, -1, -1, -1, -1, -1, 7641, -1, -1, -1, -1, -1, -1, -1, -1, -1, -1, -1, -1, -1,
  // "sym"
  -1, -1, 7668, -1, -1, -1, -1, -1, -1, -1, -1, -1, -1, -1, -1, -1, -1, -1, -1, -1, -1, -1, -1, -1, -1, -1, -1,
  // "symb"
  -1, -1, -1, -1, -1, -1, -1, -1, -1, -1, -1, -1, -1, -1, -1, 7695, -1, -1, -1, -1, -1, -1, -1, -1, -1, -1, -1,
  // "symbo"
  -1, -1, -1, -1, -1, -1, -1, -1, -1, -1, -1, -1, 7722, -1, -1, -1, -1, -1, -1, -1, -1, -1, -1, -1, -1, -1, -1,
  // "symbol"
  _keywords.ContextualKeyword._symbol << 1, -1, -1, -1, -1, -1, -1, -1, -1, -1, -1, -1, -1, -1, -1, -1, -1, -1, -1, -1, -1, -1, -1, -1, -1, -1, -1,
  // "t"
  -1, -1, -1, -1, -1, -1, -1, -1, 7776, -1, -1, -1, -1, -1, -1, -1, -1, -1, 7938, -1, -1, -1, -1, -1, -1, 8046, -1,
  // "th"
  -1, -1, -1, -1, -1, -1, -1, -1, -1, 7803, -1, -1, -1, -1, -1, -1, -1, -1, 7857, -1, -1, -1, -1, -1, -1, -1, -1,
  // "thi"
  -1, -1, -1, -1, -1, -1, -1, -1, -1, -1, -1, -1, -1, -1, -1, -1, -1, -1, -1, 7830, -1, -1, -1, -1, -1, -1, -1,
  // "this"
  (_types.TokenType._this << 1) + 1, -1, -1, -1, -1, -1, -1, -1, -1, -1, -1, -1, -1, -1, -1, -1, -1, -1, -1, -1, -1, -1, -1, -1, -1, -1, -1,
  // "thr"
  -1, -1, -1, -1, -1, -1, -1, -1, -1, -1, -1, -1, -1, -1, -1, 7884, -1, -1, -1, -1, -1, -1, -1, -1, -1, -1, -1,
  // "thro"
  -1, -1, -1, -1, -1, -1, -1, -1, -1, -1, -1, -1, -1, -1, -1, -1, -1, -1, -1, -1, -1, -1, -1, 7911, -1, -1, -1,
  // "throw"
  (_types.TokenType._throw << 1) + 1, -1, -1, -1, -1, -1, -1, -1, -1, -1, -1, -1, -1, -1, -1, -1, -1, -1, -1, -1, -1, -1, -1, -1, -1, -1, -1,
  // "tr"
  -1, -1, -1, -1, -1, -1, -1, -1, -1, -1, -1, -1, -1, -1, -1, -1, -1, -1, -1, -1, -1, 7965, -1, -1, -1, 8019, -1,
  // "tru"
  -1, -1, -1, -1, -1, 7992, -1, -1, -1, -1, -1, -1, -1, -1, -1, -1, -1, -1, -1, -1, -1, -1, -1, -1, -1, -1, -1,
  // "true"
  (_types.TokenType._true << 1) + 1, -1, -1, -1, -1, -1, -1, -1, -1, -1, -1, -1, -1, -1, -1, -1, -1, -1, -1, -1, -1, -1, -1, -1, -1, -1, -1,
  // "try"
  (_types.TokenType._try << 1) + 1, -1, -1, -1, -1, -1, -1, -1, -1, -1, -1, -1, -1, -1, -1, -1, -1, -1, -1, -1, -1, -1, -1, -1, -1, -1, -1,
  // "ty"
  -1, -1, -1, -1, -1, -1, -1, -1, -1, -1, -1, -1, -1, -1, -1, -1, 8073, -1, -1, -1, -1, -1, -1, -1, -1, -1, -1,
  // "typ"
  -1, -1, -1, -1, -1, 8100, -1, -1, -1, -1, -1, -1, -1, -1, -1, -1, -1, -1, -1, -1, -1, -1, -1, -1, -1, -1, -1,
  // "type"
  _keywords.ContextualKeyword._type << 1, -1, -1, -1, -1, -1, -1, -1, -1, -1, -1, -1, -1, -1, -1, 8127, -1, -1, -1, -1, -1, -1, -1, -1, -1, -1, -1,
  // "typeo"
  -1, -1, -1, -1, -1, -1, 8154, -1, -1, -1, -1, -1, -1, -1, -1, -1, -1, -1, -1, -1, -1, -1, -1, -1, -1, -1, -1,
  // "typeof"
  (_types.TokenType._typeof << 1) + 1, -1, -1, -1, -1, -1, -1, -1, -1, -1, -1, -1, -1, -1, -1, -1, -1, -1, -1, -1, -1, -1, -1, -1, -1, -1, -1,
  // "u"
  -1, -1, -1, -1, -1, -1, -1, -1, -1, -1, -1, -1, -1, -1, 8208, -1, -1, -1, -1, 8343, -1, -1, -1, -1, -1, -1, -1,
  // "un"
  -1, -1, -1, -1, -1, -1, -1, -1, -1, 8235, -1, -1, -1, -1, -1, -1, -1, -1, -1, -1, -1, -1, -1, -1, -1, -1, -1,
  // "uni"
  -1, -1, -1, -1, -1, -1, -1, -1, -1, -1, -1, -1, -1, -1, -1, -1, -1, 8262, -1, -1, -1, -1, -1, -1, -1, -1, -1,
  // "uniq"
  -1, -1, -1, -1, -1, -1, -1, -1, -1, -1, -1, -1, -1, -1, -1, -1, -1, -1, -1, -1, -1, 8289, -1, -1, -1, -1, -1,
  // "uniqu"
  -1, -1, -1, -1, -1, 8316, -1, -1, -1, -1, -1, -1, -1, -1, -1, -1, -1, -1, -1, -1, -1, -1, -1, -1, -1, -1, -1,
  // "unique"
  _keywords.ContextualKeyword._unique << 1, -1, -1, -1, -1, -1, -1, -1, -1, -1, -1, -1, -1, -1, -1, -1, -1, -1, -1, -1, -1, -1, -1, -1, -1, -1, -1,
  // "us"
  -1, -1, -1, -1, -1, -1, -1, -1, -1, 8370, -1, -1, -1, -1, -1, -1, -1, -1, -1, -1, -1, -1, -1, -1, -1, -1, -1,
  // "usi"
  -1, -1, -1, -1, -1, -1, -1, -1, -1, -1, -1, -1, -1, -1, 8397, -1, -1, -1, -1, -1, -1, -1, -1, -1, -1, -1, -1,
  // "usin"
  -1, -1, -1, -1, -1, -1, -1, 8424, -1, -1, -1, -1, -1, -1, -1, -1, -1, -1, -1, -1, -1, -1, -1, -1, -1, -1, -1,
  // "using"
  _keywords.ContextualKeyword._using << 1, -1, -1, -1, -1, -1, -1, -1, -1, -1, -1, -1, -1, -1, -1, -1, -1, -1, -1, -1, -1, -1, -1, -1, -1, -1, -1,
  // "v"
  -1, 8478, -1, -1, -1, -1, -1, -1, -1, -1, -1, -1, -1, -1, -1, 8532, -1, -1, -1, -1, -1, -1, -1, -1, -1, -1, -1,
  // "va"
  -1, -1, -1, -1, -1, -1, -1, -1, -1, -1, -1, -1, -1, -1, -1, -1, -1, -1, 8505, -1, -1, -1, -1, -1, -1, -1, -1,
  // "var"
  (_types.TokenType._var << 1) + 1, -1, -1, -1, -1, -1, -1, -1, -1, -1, -1, -1, -1, -1, -1, -1, -1, -1, -1, -1, -1, -1, -1, -1, -1, -1, -1,
  // "vo"
  -1, -1, -1, -1, -1, -1, -1, -1, -1, 8559, -1, -1, -1, -1, -1, -1, -1, -1, -1, -1, -1, -1, -1, -1, -1, -1, -1,
  // "voi"
  -1, -1, -1, -1, 8586, -1, -1, -1, -1, -1, -1, -1, -1, -1, -1, -1, -1, -1, -1, -1, -1, -1, -1, -1, -1, -1, -1,
  // "void"
  (_types.TokenType._void << 1) + 1, -1, -1, -1, -1, -1, -1, -1, -1, -1, -1, -1, -1, -1, -1, -1, -1, -1, -1, -1, -1, -1, -1, -1, -1, -1, -1,
  // "w"
  -1, -1, -1, -1, -1, -1, -1, -1, 8640, 8748, -1, -1, -1, -1, -1, -1, -1, -1, -1, -1, -1, -1, -1, -1, -1, -1, -1,
  // "wh"
  -1, -1, -1, -1, -1, -1, -1, -1, -1, 8667, -1, -1, -1, -1, -1, -1, -1, -1, -1, -1, -1, -1, -1, -1, -1, -1, -1,
  // "whi"
  -1, -1, -1, -1, -1, -1, -1, -1, -1, -1, -1, -1, 8694, -1, -1, -1, -1, -1, -1, -1, -1, -1, -1, -1, -1, -1, -1,
  // "whil"
  -1, -1, -1, -1, -1, 8721, -1, -1, -1, -1, -1, -1, -1, -1, -1, -1, -1, -1, -1, -1, -1, -1, -1, -1, -1, -1, -1,
  // "while"
  (_types.TokenType._while << 1) + 1, -1, -1, -1, -1, -1, -1, -1, -1, -1, -1, -1, -1, -1, -1, -1, -1, -1, -1, -1, -1, -1, -1, -1, -1, -1, -1,
  // "wi"
  -1, -1, -1, -1, -1, -1, -1, -1, -1, -1, -1, -1, -1, -1, -1, -1, -1, -1, -1, -1, 8775, -1, -1, -1, -1, -1, -1,
  // "wit"
  -1, -1, -1, -1, -1, -1, -1, -1, 8802, -1, -1, -1, -1, -1, -1, -1, -1, -1, -1, -1, -1, -1, -1, -1, -1, -1, -1,
  // "with"
  (_types.TokenType._with << 1) + 1, -1, -1, -1, -1, -1, -1, -1, -1, -1, -1, -1, -1, -1, -1, -1, -1, -1, -1, -1, -1, -1, -1, -1, -1, -1, -1,
  // "y"
  -1, -1, -1, -1, -1, -1, -1, -1, -1, 8856, -1, -1, -1, -1, -1, -1, -1, -1, -1, -1, -1, -1, -1, -1, -1, -1, -1,
  // "yi"
  -1, -1, -1, -1, -1, 8883, -1, -1, -1, -1, -1, -1, -1, -1, -1, -1, -1, -1, -1, -1, -1, -1, -1, -1, -1, -1, -1,
  // "yie"
  -1, -1, -1, -1, -1, -1, -1, -1, -1, -1, -1, -1, 8910, -1, -1, -1, -1, -1, -1, -1, -1, -1, -1, -1, -1, -1, -1,
  // "yiel"
  -1, -1, -1, -1, 8937, -1, -1, -1, -1, -1, -1, -1, -1, -1, -1, -1, -1, -1, -1, -1, -1, -1, -1, -1, -1, -1, -1,
  // "yield"
  (_types.TokenType._yield << 1) + 1, -1, -1, -1, -1, -1, -1, -1, -1, -1, -1, -1, -1, -1, -1, -1, -1, -1, -1, -1, -1, -1, -1, -1, -1, -1, -1,
]); exports.READ_WORD_TREE = READ_WORD_TREE;
