pnpm-lock.yaml
  ai_agent 285-287,289-290,517-518,1007,1019,1022,1038,1117,1132,1135,1244,1259,1262,1293,1299,1302,1360,1363,1366,1436,1442,1445,1479-1484,1532,1535,1554,1573,1579,1582,1607,1662,1699,1766,1769,1794,1797,1800,1825,1828,1920,1932,1935,1972,1991,1994,1997,2031,2117,2166,2233,2313,2316,2434,2440,2443,2462,2465,2468,2499,2511,2581,2648,2654,2694,2770,2773,3104,3113,3116,3132,3135,3138,3169,3197,3209,3212,3228,3234,3237,3298,3301,3304,3326,3341,3344,3383,3395,3441,3447,3586-3588,3905-3907,4001-4003,4052-4057,4226,4241,4244,4287,4363,4378,4430,4599,4641,4644,4702,4766,4824,4891,4905-4906,4909,4945,5345,5396,5399,5803,5821,5824,5852,5855,5920,5932,5938,5947,6055,6071,6080,6093,6102,6205,6238,6241,7498-7500,12361-12362,12365,12367-12368,12370,12372-12373,12375-12376,12384-12385,12398-12399,12412-12413,12415-12416,12418-12419,12424-12425,12430-12431,20674-20675,21434-21435,21442-21447,21464-21467,24466-24467,24686,24691,28491,28497-28500,28627,28634,29902,29904-29905,29907-29908,29915,29917-29919,29923-29924,29932,29935,29943-29946,29956,29960-29961,29963,29973,29975,29985,29987,29989,29991,29994,29996-29997,30005,30013,30015,30017,40208,40950,40954,40956,40960,40962,40964-40970,40981,40987-40988
packages/cli/src/__tests__/credentials-helper.test.ts
  ai_agent 16,31-32,34,39-40,581,584,586,658-659,799,960,1012-1013,1045,1518,1726,1730,1745
---
{
  "schema_version": "authorship/3.0.0",
  "git_ai_version": "1.5.2",
  "base_commit_sha": "d91498275a4ef3880ae0e2c06052e68bd6176fb5",
  "prompts": {}
}